10,202
10,172
10,206
10,288
10,194
10,164
10,1
10,230
10,2
10,3
11,6
11,7
11,15
11,16
11,18
11,27
11,1
11,21
11,2
11,3
9,7
8,11
18,1
18,3
14,6
14,1
14,12
14,3
13,1
13,3
2,2
2,1
2,3
78,374
78,373
78,372
78,371
78,370
78,369
78,368
78,367
78,366
78,365
78,364
78,363
78,362
78,361
78,360
78,359
78,358
78,357
78,356
78,355
78,354
78,353
78,352
78,351
78,350
78,349
78,348
78,347
78,346
78,345
78,344
78,343
78,342
78,341
78,340
78,339
78,338
78,337
78,336
78,335
78,334
78,333
78,332
78,331
78,330
78,329
78,328
78,327
78,326
78,325
78,324
78,323
78,322
78,321
78,320
78,319
78,318
78,317
78,316
78,315
78,314
78,313
78,312
78,311
78,310
78,309
78,308
78,307
78,306
78,305
78,304
78,303
78,302
78,301
78,300
78,299
78,298
78,297
78,296
78,295
78,294
78,293
78,292
78,291
78,290
78,289
78,288
78,287
78,286
78,285
78,284
78,283
78,282
78,281
78,280
78,279
